

8692
579
14110
0
13192
5014
27299
32597
1544
23023
29867
21993
8238
5721
26346
13934
27462
32813
24557
4410
22110
22721
31373
35362
22942
6088
14344
26550
15804
3399
35115
20753
15085
11216
5137
8627
27
24579
32341
26405
19561
17277
22783
243
32241
9896
24792
9334
28766
885
14248
25543
27666
7093
16491
11635
21892
23016
11476
33044
19358
3179
7025
179
22148
32116
32454
2707
33306
28118
30469
801
7541
19632
25973
2899
3490
12908
32168
17463
20626
10264
22167
5857
10654
14197
28903
30261
3702
32607
19338
34705
3683
28667
12505
123
26769
34327
31402
29046
33038
396
33596
13410
529
19441
1224
27277
28466
13691
15157
22599
513
12449
25488
21248
15667
13242
21395
3002
30733
14753
5912
32791
562
15511
21435
15529
30611
20749
2000
30966
22848
32015
29465
17699
24164
34164
24926
18444
17644
30971
195
4450
4533
21582
3511
868
10502
27372
12786
18789
28117
29991
15623
4082
10767
10967
16140
18312
34372
30044
33112
15374
28256
28600
30899
21989
21167
3308
16979
2142
11347
22363
7307
32037
24817
15201
28221
30814
25323
7846
367
11627
17984
7866
0
21809
804
21082
28002
18430
4016
189
13437
1823
32190
24383
12193
9611
17269
18005
17263
11659
11224
32783
29400
30564
14402
3122
22336
34295
23639
13657
9695
25190
16118
2576
23240
8497
30693
3444
