1
2
3
4
5
6
7
8
9
10
11
12
13
14
15
16
17
18
19
20
21
22
23
24
25
26
27
28
29
30
31
32
33
34
35
36
37
38
39
40
41
42
43
44
45
46
47
48
49
50
51
52
53
54
55
56
57
58
59
60
61
62
63
64
65
66
67
68
69
70
71
72
73
74
70
75
76
77
78
79
80
81
82
83
1
84
85
86
87
88
89
90
91
92
93
94
95
96
97
98
99
100
101
102
103
104
105
106
107
108
109
110
111
112
113
114
115
116
117
118
119
120
121
122
123
124
125
126
120
127
128
129
130
131
120
132
133
134
135
136
137
138
139
140
135
141
142
143
144
136
145
146
147
148
149
150
151
152
153
154
127
155
156
157
158
159
160
161
6
162
163
164
165
166
167
168
70
30
169
170
171
172
173
174
175
176
120
177
178
179
180
181
182
183
184
70
185
186
187
188
189
190
111
191
70
192
193
194
195
196
197
6
198
199
200
201
202
203
204
205
206
207
208
168
6
70
209
210
211
212
213
214
215
216
217
218
219
220
70
221
222
223
224
70
225
111
226
227
228
229
148
230
231
232
233
234
235
163
236
237
238
239
240
241
242
243
244
245
246
247
248
249
250
251
252
253
254
255
256
257
258
259
163
260
261
262
263
264
265
266
267
268
269
270
271
272
273
274
275
276
277
278
279
280
281
282
198
283
284
285
286
287
288
289
290
291
292
293
294
295
296
297
298
299
300
301
302
303
304
305
306
307
308
118
309
310
311
312
313
314
315
102
316
317
70
318
253
319
320
321
322
323
324
325
326
327
229
256
328
329
330
331
332
6
333
70
334
288
335
73
336
337
118
338
339
340
6
341
342
343
344
73
345
346
347
348
349
350
351
352
353
70
354
355
356
357
358
359
360
361
362
6
363
364
365
366
367
39
368
369
370
371
372
373
374
375
376
70
377
378
379
380
381
111
382
329
383
384
385
386
326
45
387
388
389
390
391
392
393
394
395
396
397
398
399
198
400
401
402
198
237
403
404
223
405
406
407
408
409
410
411
412
413
414
415
416
417
418
419
420
421
422
423
424
425
426
427
54
228
404
428
429
430
405
45
431
432
433
434
435
436
405
437
438
390
439
440
441
442
399
443
444
445
446
447
339
448
449
450
451
452
453
454
455
456
425
457
458
459
460
6
461
6
462
463
39
464
316
465
223
466
467
468
469
220
470
471
73
472
473
280
6
6
474
475
262
476
477
269
478
479
480
324
481
482
6
483
484
485
481
486
487
488
6
489
490
73
491
425
492
429
493
494
495
496
497
498
499
500
501
502
503
168
260
504
505
506
507
234
508
509
510
511
512
513
514
515
516
517
518
519
520
521
522
523
524
525
526
527
528
529
530
531
532
533
534
535
536
537
164
73
538
539
45
425
324
540
541
45
542
543
544
545
73
546
547
475
548
549
550
551
70
552
553
554
6
555
556
557
558
559
560
561
562
563
564
565
566
567
62
568
569
102
127
570
571
572
573
70
574
575
425
576
577
578
482
579
164
580
324
581
582
583
584
585
586
587
588
589
590
591
592
593
594
127
595
596
531
597
598
599
600
601
602
603
604
605
606
607
534
608
609
610
611
399
612
613
614
615
616
220
617
618
234
619
620
621
622
623
624
625
626
627
628
629
630
62
631
632
633
163
634
635
636
637
70
638
289
6
6
639
640
641
228
642
316
567
643
644
645
646
647
648
649
236
329
582
650
651
652
6
1
653
237
654
655
656
657
658
659
660
399
661
662
662
662
662
662
662
662
662
662
663
664
665
666
667
668
669
670
671
481
672
673
674
675
676
677
678
679
316
680
681
682
682
683
684
685
686
592
687
688
689
73
690
40
691
692
492
693
694
481
695
696
697
698
699
700
701
702
703
704
705
706
707
237
708
709
710
711
712
713
277
481
714
715
716
717
718
719
720
721
722
6
723
724
725
726
727
728
277
296
729
730
731
732
733
148
734
735
736
737
119
738
739
481
740
640
689
741
742
743
697
744
745
746
425
747
748
749
697
750
751
148
752
753
754
220
755
756
689
757
45
758
759
102
760
761
762
763
764
765
677
766
767
768
769
770
771
712
772
773
102
774
775
220
744
776
777
778
779
780
781
260
481
470
782
783
506
784
785
697
786
506
62
787
788
399
789
790
791
792
295
793
794
795
796
797
798
799
800
260
801
802
803
803
803
803
803
803
803
803
803
803
803
803
803
804
316
481
805
102
806
807
808
809
592
810
811
73
